111111100010010001001000100100100010
011101010001001000100100010001110001
011110010000001000000100000011111002
111110000010000000100000010000010003
000000000000000000000000000000000004
100100010101001010100101010001001005
011100010001001000100100010010001006
011100010001001000100100010001110007
111110000010000000100000010000010008
011100010101001010100101010000110009
0000001000000000000000000000000000010
0111000100010010001000101000111110111
1111100000011000001000000100111100012
0111000100010010001100101000111111113
0000000000000000000100000000000000014
1001000101010010101001010100010010015
0111000101010110101001010100001100016
0001100011000010000000110000000100017
0111000101010010101001010100000100018
1101100000010000001000000100111100019
0000000000000000000000000000000000020
0001111101000110100001010000011111121
0111000101010010101001010100001100022
0111000100010010001000101000111110023
1111100000100000001000000100000100024
1001000101010010101001010100010010025
0000000000000000000000000000000100026
0111000100010010001000101000111110027
0101110101000110100011001010011111128
0111000100010010001101000100011100029
0000000000000000000000000000000000030
0111000100010010001001000100011101031
0111100100000010000001000000111110032
1111101000100000001000000100000100033
0000000000000000000000000000000001034
0000000010100011111100001001000000135
0111000100010010001000101000111110036
0000000000010001111111000100000001037
1111111000100000010000001010111000038
0111000101010010101001010100001101039
1111100000100000001000000100000100040
1000000101010010101001010100010010041
0000000000000000000010000000000000042
1111111010100010001001000100011100043
1111100000100000001000010100000100044
0111000100010010001001000100111100045
0111100100000010000001000000111110046
0001110101000110100011011010011111147
1111111000100000010000001000111000048
0000000000010001111111000100000000049
0000000000000000100000000000000000050
0000000000100011110100001001000000151
0111000100010010001001000100011100052
1111100000100000001000000100000100153
0000000000010001111111000100000000054
1111111000100000010000001000111000055
0000000000000000000000000000000010056
0111010100010010001001000100011100057
1111100000000000001000000100111100058
0000000000001000000000000000000000059
0000000100010001111111000100000000060
1111111010100000010000001000111000061
1000000100100011110101000000000000062
1001000101010010101001010100010010063
0000000000000000000000000000000000064
0111000100010010001001000100100010065
0111000100010010001001000100011100066
1111101000010000001000000100111100067
0000000000010001111111000110000000068
0000000100100011110101000000001000069
1111100000010000001000000100111100070
0111000101010010101001010101001100071
1111100000010000001000000100111100072
0000000000110001111111000100000000073
0000000100000001100000000000000000074
0000000000000000000000000000000100075
0111000100010010001000101000111110076
0000000000000000000000000000000000077
1111100000000000001000000100111100078
0111001101010010101001010100001100079
0111100100010001000001000000011110080
0000000000000000000000000000000000081
1111100000010000001000000100111100082
0111000100010010001000101000111110083
0000000000010001111111000100100000084
0000000100100011110101000000000000085
0111000100010010001001000100011101086
1111100000010000001000000100111100087
0000000100000001100000000000000000088
0000010000000000000000000000000000089
0111000100010010001001000100100010090
0111000100010010000001000100011100091
1111100000110000001000000100111100092
0111000100010010001001000100100010093
0111000101010010101000010100001100094
0000000000100011110101000000000000095
1001100011000010000000110000000110096
0111000101010010101001010101001100097
0111000100010010001000101000111011198
0000000000000010000000000000000000099
00000001001000111101010000000000010100
10111000000100000010000001001111000101
00000000000000000000000000000000000102
11111111000000100000010000001000000103
00000001001000111001010000000000000104
11101110101000100010010001000111000105
01110001010100101010010101000011000106
11111000001000000010000001000101000107
00000000000100011111100001000000000108
00011111010000101000010100000111111109
00000001000000011000000000000000000110
00000000000000000000000000000000000111
01110001000100100010001010001111100112
11111000000100000010000001001111000113
01110001000110100010001010001111111114
00000000000000000000000000000000000115
01110001000100100010001010001111111116
01110001010100101010010101000011000117
01110001000100100010001010001111111118
00000001001000111101010000000000000119
01110001000100101010010001001000100120
01110001000100100010001010001111100121
00000010000100011111110001000000000122
01110001010100101010010101000011000123
01110001000100100010001010001111111124
00000000000000000000000000000000000125
00000000000100011111110001000000001126
01110001000100100010010001000111000127
00000000000000000000000000000000010128
00000000000100011011110001000000000129
11110110001000000100000010001110000130
11110001010100101010010101000011000131
00000000000000000000000000000000000132
11111110001010001000100100000001110133
11111010001000000010000001000001000134
01110001000100100010010001000111100135
11111110001110001000100100010001110136
01110001000100100010010001000111000137
10010001000100101010010101000100100138
00000001001000111101010000000000000139
00000000000100011101110001000000000140
00000001001000111101010000000000001141
01110001000100100010010001000111000142
11111000100100000010000001001111000143
00000000000000000000000000000000000144
00000000000100011111110001000000000145
11111110001000000100000010001110000146
01110001000100100010001010001111100147
00000000000100011111110001000000000148
00000000000000000000000000000000000149
01110001000100100010001010001101100150
00000000000000111111100000000000000151
00000000000000110111100000000000000152
00000000000000000000000000000000000153
01111000000100111100000001001111000154
01110001010100101010010101000011000155
11111000000100000010100001001111000156
00000000000000000000000000000000000157
01110001000100100010000010001111100158
11101000001000000010000001000001000159
01110001010100101010010111000011000160
00000000000000000000000000000000010161
01110001000100100110010001001000100162
11111000001000000010000001000001000163
01110001010100101010010101000011000164
01100001000100100010001010001111100165
00000000000100011111110001000000000166
01110001010100101010010101000011001167
01110001000100100010001010001111111168
00000000000000000000000000000000000169
01110001010100101010010101000011000170
00010100010001001000100010101111111171
01111001000000100000010000001111100172
11110001000100100010001010001111100173
00000000000001111111100000000000000174
00000000000000100000000000000000000175
00000000000000000000000000000000000176
00000000000000000000000000000000000177
11111110000100000100000100001111111178
01110001000100100000010001000111000179
01111001000000010000010100000111100180
00000010000000000000000000000000000181
01111001000000010000010000000111100182
01110001010100101010010101000011000183
00000000000000000000000000000000100184
01110001000100100010001010001111100185
11111000001000000010000001000001000186
01110011010100101010010101000011000187
00000000000000000000000000100000000188
01110001010100001010010101000011000189
11101000000100000010000001001111000190
00011101010001101000110010100111111191
01110001100100100010001010001111100192
10011101010001101000110010100111111193
01110001010100101010010101000011000194
01110001000100100010001010001111111195
00000000000000000000100000000000000196
00000001001000111101010000000000000197
11110000000100000010000001001111000198
00000000000000000000000000000000000199
01110001000100101010001010001111100200
00000000000000000000000000000000000201
00011101010001101000110010100111111202
11111000001000000010000001000001000203
01110001010100111010010101000011000204
01110001000100100010001010001111100205
00000000000100011111110000000000000206
00000000000000000000000000000000000207
01110001000100100010010001001000100208
00000001001000111101010000000000000209
00011000110000100000001100000001100210
00000001001000111101010000000000000211
00000000000000111111100000000000000212
00000000000000000000001000000000000213
01111001000000010000010000000111100214
01110001000100100010001010001111100215
11111000001000000010001001000001000216
00000001000000011010000000000000000217
00000000000000000100000000000000000218
00000000000100011111110001000000000219
01110001010100101010010101000011000220
10010001010100101010010100000100100221
00000010000100011111110001000000000222
00000001001000111101010000010000000223
11111000000100000010000001001111000224
00001101010001101000110010100111111225
00000000000000000000000000000000000226
01111001000000010000110000000111100227
11111110001000000100000010001110000228
01110001010100101010010101000011000229
00000000000100011111110001010000000230
11111110001000000100000010001110000231
01110001010100101010010101000011000232
11111000001000000000000001000001000233
00000000000000000000000000000000000234
00000000000100011111110001000000000235
11111110001000000100000010001110000236
01110001000100100010001010001111100237
00000000000100010111110001000000000238
00000000000000000000000000000000000239
11111000000100000010000001001111000240
01110001000100100010001010001111100241
00000000000100011111110001000000000242
00000001001000111101010010000000000243
01110001000100100010010001100111000244
11111000000100000010000001001111000245
00000001000000011000000000000000000246
00000000000000000000000000000000000247
01110001000100100010010001000111000248
11111000001000000010000001000001000249
00000000000000000000000000000010000250
01110001000100100010001010101111100251
11111000000100000010000001001110000252
00011111010000101000010100000111111253
00000100000000000000000000000000000254
11111000000100000010000001001111000255
01110001000100100010001011001111100256
00000000000100011111010001000000000257
00000001001000111101010000000000000258
01110001000100100010010001000111000259
11111000000100000010000001001111000260
00000000000100000000000000000000000261
10011001010100101010010101000100100262
01110001000100100010010001000111000263
00000000000100000000000000000000000264
01110001000100100110010001001000100265
01110001000100100010010001000111000266
11111000000100000010000001001111000267
01110001000100100010010001001001100268
01110001010100101010010101000011000269
00000001001000111101010000000010000270
00011000110000100000001100001001100271
01110001010100101010010101000011010272
01110001000000100010001010001111111273
00000000000000000000000000000000000274
01110001000100100010001010001111100275
11111000000100000010000001001111000276
01110001000100100010001010001111011277
00000000000000000000000000000000000278
11010001010100101010010101000100100279
01110001000100100010011001000111000280
00000000000000000000000000000000000281
01110001000100100010001010001111111282
01110001010100101000010101000011000283
01110001000100000010001010001111111284
00000001001000111101010000000000000285
01110001000100100000010001001000100286
01110001000000100010001010001111100287
00000000000100011011110001000000000288
01110001010100101010010101000011000289
01110001000100100010001010001111111290
00000001000000011000000000000000000291
00000000000000000000000000000000000292
01110001000100100010010001001000100293
01110001000100100010001010101111100294
11111000000101000010000001001111000295
00000000000000100000000000000000000296
00000000000001111111100000000000000297
01110001000100100000010001000111000298
11111000000100000010000001001111000299
00011101010001101000110010100111111300
00000000000000100000000000000000000301
01110001010100101010010101100011000302
11111000000100000010000001001111000303
01110001001100100010001010001111111304
01111001000000100000010000011111100305
11111000011000000010000001000001000306
01110001010100101010110101000011000307
00000000000000100000000000000000000308
00000000000000000000000000000010000309
11111110100000001100001000001011111310
01110001010100101010010101000011000311
00000001000000000000000000000000000312
01110001000100110010001010001111100313
11111000001000000010000001000001000314
01110001010100101010010101000011000315
00000000000000000000000001000000000316
11111000000100111100000001001111001317
01110001010100101010011101000011000318
00001000000100011111110001000000000319
00000000000010000000000000000000000320
01110001000100100010010001000011000321
11110000000100000010000001001111000322
00000000000000000000000000000100000323
01110001000100100010001010001111100324
00000000000010000000000000000000000325
00011101010001101100110010100111111326
11111000001000000010000001000001000327
01110001010100101010010101000011000328
01110001000110100010001010001111100329
00000000000100011111110001000000000330
00000000000000000000000000000000001331
01111110101000100010010001000111000332
01110001000100100010001010001111100333
00000000000100011111110001000000000334
00000000000100011111110001000000000335
00000000000000111111100000000010000336
01110001010100101010010101010011000337
00010000001000000100000010000001000338
00000000001000111111000010010000001339
00000001001000111101010100000000000340
01110001010100101010010101000011000341
00000000000000111111100000000000000342
01110001000100100010001010001111011343
00000000000000000000000000000000000344
01110001000100100010010001000111000345
00000000001000111111000010010000001346
00000000000000000000010000000000000347
00000000000100011111110001001000000348
11111110101000000100000010001110000349
01110001000100100010001010001111100350
00000100000100011111110001000000000351
00000000000000000000100000000000000352
01111001000000010000010000000111100353
01110001000100100010001010001111100354
11111000001000000010000001000001000355
00000000000000100001000000000000000356
00000000000000000000000000000000000357
11111110100000001100001000001111111358
01110001010100101010010101000011000359
00000000000000000000000000000000100360
11111110001000000100000010001110000361
01110001100100100010001010001111100362
00011000110000100000001100000001100363
01110001010100101010010101000011010364
00000000000000000001000000000000000365
01110001000100100010010001001000100366
01110001000100100010010001000111000367
11110000000100111100000001001111000368
01110001010100101010010101000011000369
00000000000000000000000000000000000370
00000000000100011111110001000000000371
01110001000100100010010001000111000372
00000000000000000000000000000000000373
00110001000100100010001010001111111374
01110001010100101010010101000011000375
01110001000100100010001010001101111376
00000001001000111101010000000000000377
01110001000110100010010001001000100378
01110001000100100010001010001111100379
00000000000000011111110001000000000380
01110001010100101010010101000011000381
00010000000000000000000000000000000382
01110001000100100010001010001111100383
00000100000000000000000000000000000384
11111110001010001000100100010001110385
01110001000100100010010001000111000386
11111000001100000010000001000001000387
00000000000100011111110000000000000388
00000001001000111101010010000000000389
01110001100100100010010001000111000390
11111000000100000010000001001111000391
00000000000000000000000000000000000392
01110011000100100010010001000111000393
10000000001000111111000010010000001394
00000000000000000000000000000000000395
00010000000100011111110001000000000396
11111110001000000101000010001110000397
01110001000100110010001010001111100398
00000000000100011111110001000000000399
00000000000100000000000000000000000400
00000000001000111111000010010000001401
00000001001010111101010000000000000402
01110001010100101010010101000011000403
00000000000010111111100000000000000404
01110001000100100010001010001111111405
00000001000000011000000000000000000406
00000000100000000000000000000000000407
01110011000100100010001010001111100408
10010001010100101010010101000100100409
00000000000000000000000000000000000410
01110001000100100010001010001111100411
00000000000000000000000000000000000412
00000000001000111111000010010000001413
00000001001000111101010000000000000414
11111000000100000010000001001111010415
01110001000100100010001010001111100416
00000000000000111111100000000000000417
00000000000000000000000000000000000418
11111000001000000010000001000001000419
01110001010100101010010101000011000420
10010001010100101010010101001100100421
00000000000100011111111001000000000422
00000001001000111101010000000000000423
11111000000110000010000001001111000424
00011101010001101000110010100111111425
00000000000000000000000000000000000426
11111110001010001000100100010001110427
00000000000000111111100000000000000428
01110001000100100010001010001111100429
01110001000100100010010001001000100430
01110001010100101010010101000011000431
01000000000000000000000000000000000432
00000000001000111111000010010000001433
01110001000100100010010001000111000434
11111000001000000010000101000001000435
00000000000000000000000000000000000436
00000000000100011111110001000010000437
11110110001000000100000010001110000438
01110001000100100010010001000111000439
11010001010100101010010101000100100440
01110001110100101010010101000011000441
00000000000000000100000000000000000442
01111001000000110000010000000111100443
11111111001000000100000010001110000444
01110001000100000010010001000111000445
00000001000000000000000000000000000446
11111110001000000100000110001110000447
01110001010100101010010101000011000448
11111000001000000010000001000001000449
01110001010100101010010101000001000450
00000000000000000001000000000000000451
00011101010001101000110010100111111452
01110001100100100010001010001111100453
00011000110000100000001100000001100454
01110001010100101010010101000010000455
00000000000000000000000000000000000456
00000000000100011111110001000000000457
11111110001000000100000010001110000458
01110001010100101010010101000011000459
00000001001000101101010000000000000460
11111000001000000010000001001001000461
00000000000000000000000000000000000462
00000000000000111111100000000001000463
00100001001000111101010000000000000464
00011000110000110000001100000001100465
01110001010101101010010101000011000466
10010001010100101010010101000100100467
00000000000000000000010000000000000468
00000000000100011111110001000000000469
11101110001000000100000010001110000470
01110001000100100000001010001111100471
00000000000100011111110001000000000472
00000000000000000000000000000000000473
00000001000100011111110001000000000474
11111010001000000100000010001110000475
01110001001100100010001010001111100476
00000000000100011111110001000000000477
00000000000000000000000000000000001478
11111000000100000010000001001111000479
01010001000100100010001010001111100480
00000100000100011111110001000000000481
00100001001000111101010000000000000482
01110001000100100010010001000111001483
11111000000100000010000001101111000484
00000000000000010000000000000000000485
11111000000100111100000011001111000486
00000001001000111101010000000000000487
00011101010011101000110010100111111488
11111110001000000100000010001110000489
00000000000100011111110011000000000490
00000000000000000000000000000000000491
00000000000000111111100010000000000492
00000001001000111101010000000000000493
00010000110000100000001100000001100494
01110001010100101010010101100011000495
00000000000000100000000000000001000496
10000000000000000000000000000000000497
00000001000011111111110000010000000498
00010000000100011111110001000000000499
00000000000000000000010000000000000500
00000001001000111101010000000000000501
10010001010100101010010101000100100502
00000000000000000000000000000000000503
01110001000100100010001010001111100504
00000000000000111111100000000000000505
00000000000100011111110001000000000506
01110001000100100010010001000111000507
00011101010001101000110010100111111508
01110001010100101110010101000011000509
00000000000100011111110001000000000510
11111110001010000100000010001110000511
01110001010101101010010101000011000512
11111000001000000010010001000001000513
00000000000000000000000000000000000514
00000000001000111111000010010000001515
00000001001000111101010000000000000516
00001000000100011111110001000000000517
00000000000100011111110000000000000518
00001001001000111101010000000000000519
11111000000100000010000001001111000520
00011101010001101000110010100111111521
00000000000000000100000000000000000522
01110001000100100010001010001111100523
11011000000100000010000001001111000524
01110001000100101010001010001111111525
00000000000000000000000000000010000526
11111111001010001000100100010001110527
11111000001000000010000001000001000528
01110001000100100010010001000111000529
11111110101010001000100100010001110530
01110001010100101010010101000011000531
11111000001100000010000001000001000532
00000000000000000000000000000000000533
00000000000100011111110001000000000534
11111110001100000100000010001110000535
01110011000100100010001010001111100536
00000000000100011111110001000001000537
00000000000000000000000000000000000538
01111001000000010000010000000111100539
01110001010100101010010101000111000540
00000000000000000000000000000000000541
10110001010100101010010101000100100542
11111110001000000100000010001110000543
01110001000100100010010001000111001544
00111001000000100000010000001111100545
00000000000000111111100000000000000546
01110001000100100010001010001111111547
10000000000000000000000000000000000548
01110001000100110010001010001111111549
01110001000100100010010001000111000550
00000000000000000000000000000000000551
00000000000100011111110001000000010552
11111110000000000100000010001110000553
00000001101000111101010000000000000554
10010001010100101010010101000100100555
00000000000000100000000000000000000556
00000000000000000000000000000000000557
00000000000000000000000000000000000558
11111111001001100100110010010110110559
01111001000000100000010000001111100560
00000000000100011111110001000000000561
00000001000000011000000000000000000562
00000000000000000000100000000000000563
00000001001000111101010000000000000564
11111000000100000010000001001111000565
00000000000000000000000000000000000566
01110001001100100010001010001111100567
00000000000000000000000000010000000568
00000000000000111111100000000000000569
01110001000100100010001010001111000570
11110000001000000010000001000001000571
00011101010001101000110010100111111572
01110001010100101010010101000111000573
11111000000000000010000001000001000574
00000010000000000000000000000000000575
10010001010100101010010101000100100576
01110000010100101010010101000011000577
11111000100100000010000001001111000578
10010001010100101110010101000100100579
01110001011100101010010101000011000580
00000001000000011000001000000000000581
00000000000000000000000000000000000582
01111001000000010000010000010111100583
01110001010100101010010101010011000584
00000000000000000000000000000000000585
01110001000100100010010011001000100586
01110001000100000010001010001111100587
11111000000100000010000001001111000588
00000000000000001000000000000000000589
11111000000100000010000001001111000590
01110001000100100010010001000111001591
00000000000100011110110001000000000592
00000000000000000000000000000000000593
01110001000100100010001010001111111594
01110001000100101010010101000011000595
01110001000000100010001010001111111596
00000000001000111101010000000000000597
01110001000100100010010001001001100598
01110001000100100010001010001111100599
00000000000100011111111001000000000600
01110001010100101010010101000011000601
00000000000000000000000000000000000602
00010000001000000100000000000001000603
00010000001000000100000010000001000604
00000000000000000000000010000000000605
01111001001000010000010000000111100606
01110011010100101010010101000011000607
00000000000000000000000000000000000608
01110001000100100010010001001000100609
01110001000100100010001011001111100610
11111000000100000110000001001111000611
00000000000000000000000000100000000612
11111000000100000010000001001111000613
01110001000100100010010001000101000614
10000000000100011111110001000000000615
00000000010000000000000000000000000616
01110001000100100010010001001000110617
01110001000100100010010001000111000618
11111000000100000010000001001011000619
10010001010100101010010101000100100620
01110001010100101010010101000011000621
01110001000100100010010001001000100622
11111000001000000010000001000001000623
01110001000100100000001010001111100624
00100000000100011111110001000000000625
01110001010100101010010101100011000626
00000000000000000000000000000000000627
00010000001000000100000010000001000628
00010000001000000100000010000001000629
00000010000000000000000000000000000630
01111001000000010000010000000111100631
01110001010100101010010101000011000632
00000000000000000000001000000000000633
01110001000100100010010011001000100634
01110001000100100010001010001111100635
11111000000100000010000001001111000636
00000000001000000000000000000000000637
11011000000100000010000001001111000638
01110001000100100010010001000111000639
00000000000100011111110001000000000640
00000000000000000000000000000000000641
11111110001000000100000010001110000642
00110001000100100010001010001111100643
00000000000000111111100000000000000644
00000000000000101111100000000000000645
01110001000100100010010101000111000646
01111001000000010000010000000111100647
00000000000000000000000000000000000648
00010000001000000100000010000001000649
00010000001000000100000010000001000650
00000000000000000000000000000000000651
00000000000100011111010001000000000652
11111110001000001100000010001110000653
00000001001000111101010000000000000654
10010001010100101010010101000100101655
00000000000000000000000000000000100656
00011101010001101000110010100111111657
11111000001000010010000001000001000658
01110001000100000010010001000111000659
01111001000000100000010000001111100660
11111000000100000010000001001101000661
01110001100100100010001010001111111662
00000000000000100000000000000000000663
00000000000000000000000000000000000664
00000011000001111111100000010000001665
11111110001000000100000010011110000666
01110001010100101010010101000011000667
00000001000000000000000000000000000668
11111110101010100010010001000111000669
11111000001000000010000001000001010670
01110001000100100010001010001111100671
00011000100000100000001100000001100672
01010001010100101010010101000011000673
00000000010000000000000000000000000674
11111000000100111100000001001111000675
01110001010100101010010101000011000676
11111000000100000010000001001111000677
00000001000000011000000000000000000678
00000000000000000000000000000000000679
00000000000000111111100000000000000680
00000001001000111111010000000000000681
00011000110000100000001100000001100682
00000001001010111101010000000000000683
11111000000100000010000001001111000684
00011111010001101000110010100111111685
00000000000000000000000000000000000686
01110001000100100010001010001111100687
11111000000100000010000001001111000688
01110001000100100010001010001111111689
00000000000100000000000000000000000690
01110001000100101010001010001111111691
01110001010100101010010101000011000692
01110001000100100010101010001111100693
01110001000100100010001010001111111694
00000101000000011000000000000000000695
00000000000000000000000000000000000696
01111001000000010000010000000111100697
11111110001000000100000010101110000698
01110011000100100010010001000111000699
00000000000000000000010000000000000700
10010001010100101010010101100100100701
00000000000100011011110001000000000702
11111000001000000010000001000001000703
01111001000000100000010000001111100704
00011101010001101000110010100111111705
00011101010001101000111010100111111706
00000000000000111011100000000000000707
01110001010100101010010101000001000708
00110001000100100010001010001111111709
00000000000000000000000000000000000710
11111110001000000100000000001110000711
01110001010100101011010101000011000712
11111100001000000010000001000001000713
01110001010100101010010101000011000714
00000001000000011000000000000000000715
00000000000100000000000000000000000716
11111110001000000000000010001110000717
01110001000110100010001010001111100718
00011000100000100000001100000001100719
01100001010100101010010101000011000720
00000000000000000000000000000000000721
01110001000100100010010001001000000722
01110000000100100010010001000111000723
11111000000100000010000001001111000724
10010001010100101010010101000101100725
01110001010100101010010101000011000726
01110001000100100010010001001000100727
11111000001000000010000001000001000728
01110001010100100010001010001111100729
00000000000100011111110101000000000730
01110001010100101010010101000011000731
01110001000100101010001010001111111732
00000000000000000000000000001000000733
00000001011000111101010000000000000734
00100000000100011111110001000000000735
00000001000000011000000000000000000736
00000000000000000000000000100000000737
00000000001000111111000000010000001738
01110001001100100010001010001111100739
11111000001000100010000001000001000740
00000000000000000000000000000000000741
01110001000100100011001010001111100742
11111110101000100010010001000111000743
01110001010100100010010001000111000744
00011010110000100000001100000001100745
01110001010100101010010101000011000746
00000000000000000000000000000000000747
01110001000100100010010001000111000748
01111001000000100000010000001111100749
11011000001000000010000001000001000750
00000000000000000000000000000100000751
11111110001010001000100100000001110752
01110001000100100010010001000111010753
01110001000100100010010001100111000754
11111000001000000010000001000001000755
00000000000000000000000000000000000756
11111110001010001000101100010001110757
01110001000100100010010011000111000758
01111001000000010000010000000111100759
01110001010100100010010101000011000760
11111000001000000010000001000001000761
00000000000000000000000000000000000762
00000000000100011111111001000000000763
01110101000100100010010001000111000764
00000000000000000000000000010000000765
01110001000100100010001010001111100766
01110001000100100010001010001111111767
01110001000100100010001010001111111768
00000000001000000000000000000000000769
01110001000100100010010001000111000770
11111000001000000010000001000001000771
00000000000000000000000000000000000772
01110001000100100010001010001111111773
01110001010100101010011101000011000774
00000000000100011111111001000000000775
11111000001000000010000001000001000776
01111001000100100010001010001111100777
01110001000100100010010001001000100778
00000000000100010111110001000000000779
00000000000000100000000000000000000780
00000000000000000000001000000000000781
10000010000001111111100000010000001782
11111110001000000100000010001110000783
01110101010100101010010101000011000784
00000000000000000000000000000000000785
01111001000000011000010000000111100786
01110001000101100010010001000111000787
11111000001000000010000001000001000788
00000000000000111111101000000000000789
01110001000100100000001010001111111790
00000000000000000000000000000000000791
00111001000000010000010000000111100792
00000001001000111101010000100000000793
00000000000000111111100000000000000794
00000000000000111111100000000000000795
00000000000010000000000000000000000796
00000000000000111111100100000000000797
00000001001000111101010000000000001798
00000001000100011111110001000000000799
00000000000100011111110001001000000800
00000000000000111110100000000000000801
01110001010100101010010100000011000802
10000000000000000000000000000000000803
11111000000100000010000001011111000804
01110001000100100010010001001111000805
00000000001100011111110001000000000806
01110001010100101010010101000011000807
00000001000000001000000000000000000808
00000000000001000000000000000000000809
11111000000101000010000001001111000810
01110001000100100010010001000111000811
11111000001000000010000001000001000812
00000000000000000000000000000000000813
00000000000000111111100000000100000814
01110001000100100010010001000111000815
11110000000100000010000001001111000816
00011101010001101000110010100111111817
00000000000000000000000000000000000818
11111000001000000010000001000001000819
01110001010100101010010101000011000820
11111000000100111110000001001111000821
01110001010100101000010101000011000822
11111000000100111100000001001111000823
11111110101000100010010001010111000824
01110001010100101010010101000011000825
11111000001000000010000001000001000826
00000000000000000000000000000000000827
01111001000000010000010000000111100828
11111110001000000100000010001110000829
01110001000100100010001010001111100830
00000000000100011111110001000000000831
00000000000000000000000000000000000832
01111001000000010000010000000111100833
01110001011100101010010101000011000834
00000000000000000000000000000000000835
10010001010100101010010101001100100836
01110000000100100010001010001111100837
00011111010000101000010100000111111838
00010000000000000000000000000000000839
11111110001000000100000010001110100840
01110000010100101010010101000011000841
11111000001000000010000001000001000842
01110001010100101010010101000011000843
00000001000000011000000000000000000844
00000000000000000000000000000010000845
11111100101000100010010001000111000846
01111001000000101000010000001111100847
00000000000100011111110001000000000848
00000010000000000000000000000000000849
00000001001000111101010000000000000850
00000000010100011111110001000000000851
00000000000000000000100000000000000852
01110001000100100010010001001000100853
01110001000100100010001010001111100854
11111000000100000010000001001111000855
00000000000000000000000000000001000856
11111000000100000010000001001111000857
01110001010100001010010101000011000858
00011000110000100000001100000001100859
01110001010100101010010101000011000860
11111000001000000010000001000001000861
00000000000000000000000000000000000862
00000000001000111111000010010000001863
01111001000100100010010001000111000864
10111000001000000010000001000001000865
00011101000001101000110010100111111866
01110001010100101010010101000001000867
00000000000100011101110001000000000868
00000000000000000000000000000000000869
01111000000000010000010000000111100870
11111110001000000100000010001110000871
01110001000100100010001010001111100872
00000000000100011111110001000000000873
00000000000000001000000000000000000874
00000000000100011111110001000000000875
11111110001000000100000010001110000876
01110001010100101010010101000001000877
00011111010000101000010100000111111878
00000000000000000000000000000000100879
01110001000100100010001010101111111880
00000001001000111100010000000000000881
01110001000100100010001010001111111882
00000000000000000000000000000000000883
11111110001000000100000110001110000884
01110001010100101010010101000011000885
11111000011000000010000001000001000886
01110001010100101010010101000011000887
00000000000000100000000000000000000888
00000000000000000000000000000000000889
00000001000001110111110000010000000890
00000000000100011111110001000000000891
00000000000000000000000000000000000892
00000001001000111101010000000000000893
10010001010100101010010101000100100894
00000000000000010000000000000000000895
00000000001000111111000000010000001896
01110101000100100010010001000111000897
01111000001000000010000001000001000898
00000000000000000010000000000000000899
01111001000000100000010000001111100900
10010001010100101010010101000100100901
00000000000000000000000000000000000902
00000000000100001111110001000000000903
11111110001000000100000010001110000904
01110001010101101010010101000011000905
00000000000000000000000000000000010906
00000000000000011111100000000000000907
00000001001000111111010000000000000908
00011000110000100000001100000001100909
00000011001000111101010000000000000910
11111000000100000010000001101111000911
01011101010001101000110010100111111912
00000001000000011000000000000000000913
00000000000000000000000000000000000914
11111000001000000010000101000001000915
01110001000100100010001110001111100916
00000000000100011111110001000000000917
11111110001000000100000010001110000918
01110001000100101010010101000011000919
11111000001000000010000001000001000920
00000001000001011000000000000000000921
00000000000000000000010000000000000922
00000000000100011111110001000000000923
01110001000100100010010001000111000924
00000000000000000000000000000000000925
11111100101000100010010001000111000926
01110001010100111010010101000011000927
00000000000000000000000000000000000928
01110001000100101010001010001111111929
01110001010100101010010101000011000930
01110001000100100010001010001111111931
01000001001000111101010000000000000932
01110001000100100010010001001000100933
01110101000100100010001010001111100934
00000000000100011111110001000000000935
01110001010100101000010101000011000936
01110001000100100010011010001111111937
00000000000000000000000000000000000938
11111110001000000100000000001110000939
01110001010100101000010101000011000940
11111000001000000010000001000001000941
01110001010100001010010101000011000942
00000000000000000000000000000000000943
00000000000100011111110001000000000944
01110001000100100010010011000111000945
00000000000000000000000000000000000946
00000000000100011111110001000000000947
11111100001000000100000010001110000948
01100001010100101010010101000011000949
00000000000000000000000000000000000950
01111001000000100000010000001111100951
11111000000100000010000001001111000952
00100000001000111111000010010000001953
00000001001000111101010001000000000954
11111000000100000010000001001111000955
00000001001000111101010000000000000956
10010001010100101010010101000100100957
11111110001000000100100010001110000958
01110001000100101010010101000011000959
01110001000100100010001010001011111960
00001000000000000000000000000000000961
01111001000000010000010000000111100962
01110001000100100010010001000111000963
11111100001000000010000001000001000964
11111110010000001000001010001000100965
00000000000000000000000000000000000966
01111001000000010000010000000101100967
11111110001000000100000010001110000968
00000001001000111101010000000001000969
01110001000100100010010001001001100970
11111110001000000100000010001110000971
00000000000000000000000000000000000972
00000000000100011111110001000000000973
11111110001000000100000010001110000974
01110001010100101010010101000011001975
00011111010000101000011100000111111976
00000000000000000000000000000000000977
01111001000000010000010000000111100978
10111110001000000100000010001110000979
01110001000100100010010001000111000980
00000000000000000000000000000000010981
10000000001000111111000010010000001982
01010001000100100010010001000111000983
01111001000000100000010000001111100984
00011101010001101000110010100111111985
11111110001000000100000010001110000986
00000000000100011111110101000000000987
00000000001000000000000000000000000988
11111110001000000100000010001110010989
01110001010100101010010101000011000990
11111000001000000010000001000001000991
01110011010100101010010101000011000992
10000000000000000000000000000000000993
11111110001000000100000010001110000994
01110001000100100010001010001011100995
01011000110000100000001100000001100996
01110001010100101010010101000011001997
00000000000000000000000000000000000998
00000000000100011111110001000010000999
111111100010000001000010100011100001000
011110010000001000000100000001111001001
100100010101001010100101010001001101002
000000000000000000000000000000000001003
000000000010001111110000100100000011004
010100010001001000100010100011111001005
111110000010000000100000010000010001006
000000000000000000000000000001000001007
100000010101001010100101010001001001008
011100010001001100100100010001110001009
000000000000000000000000000000000001010
110110000001000000100000010011110001011
011100010001001000100100010001110001012
111111101010001000100100010001110001013
000000000000001111111001000000000001014
000111110100001010000101000001111111015
000000000100000000000000000000000001016
011100010001001000100010100011111001017
001100010001001000100010100011111111018
000110001100001000000011000000011001019
011100010001000000100010100011111001020
111110000001000000100000010011110001021
011100010001001000100100010010001001022
011100010101001000100101010000110001023
011100010001001000100010100011111111024
000000000000001000000000000000000001025
000000000000000000000000000000000001026
000000010000011111111100000100000001027
000000000001000111111100010000000001028
000000000100000000000000000000000001029
000000010010001111010100000000000001030
100100010101001010100101010001001001031
000000000000000000000000000000000001032
111110000010000000100000010000010001033
011100010001001000100010100011110001034
000000000001000111111100010000000101035
111111100000000001000000100011100001036
011100010101001010000101010000110001037
111110000010000000100000010000010001038
000000000000010000000000000000000001039
000000010010001111110000100100000011040
011100010001001000100100010001110001041
111110000010000010100000010000010001042
000000000000000000000000001000000001043
011110010000001000000100000010111001044
000100010101001010100101010001001001045
000000000000000000000010000000000001046
000000000001000111111100010000000001047
011100010001001000100100010001110011048
000000000000000000000000000000000001049
111111101010001000100100010001111001050
011100010101001010100101010000110001051
000000000000000000100000000000000001052
111111100010000001000000100011100001053
011100010101001110100101010000110001054
111111000010000000100000010000010001055
011000010101001010100101010000110001056
000000000000000000000000000000000001057
010100010001001000100010100011111111058
011100010101001010100101000000110001059
011100010001001000100010100011111111060
001000010010001111010100000000000001061
011100010001001000100100010110001001062
011100010001001000100010100111111001063
010000000001000111111100010000000001064
011100010101001010100101010000110001065
011100010001001000100010100011111111066
000000000000000000000000000000000001067
000000000001000111111100010000000011068
011100010001001000100100010001110001069
000000000000000000000000000000010001070
000000000001000111111100010000100001071
111111100010000001000000100111100001072
011100010101001010100101010000110001073
000000000100000000000000000000000001074
000111010100011010001100101001111111075
111110000010000000100000010000010001076
011100010101001110100101010000110001077
011100010001001000100010100011111001078
000000000001000111111100010000000001079
000000000000100000000000000000000001080
000000000001000111110100010000000001081
011100010001001000100010100011111101082
100100010101001010100101010001001001083
111111100100000010000010100010001001084
010000000000000000000000000000000001085
111110000010000000100000010000000001086
011100010101101010100101010000110001087
111110000001001111000000010011010001088
011100010001001000100010100111111001089
000000010010001111110100000000000001090
111110000001000000100000010011110001091
000000010010001111010100000000000001092
011110000001000000100000010011110001093
000111010100011010001100101001111111094
000000001000000000000000000000000001095
111111101010001000100110010001110001096
011100010101001010100100010000110001097
000000000010001110110000100100000011098
011100010001001000100100010001110001099
111110000010000000100000010000010101100
011100010101001010100101010000110001101
000000000000100000000000000000000001102
011110010000001000000100000011111001103
100100010101001010100101010001001001104
000000000000000000000000000000000001105
000100000010000001000000100000010001106
000110000010000001000000100000010001107
000000100000000000000000000000000001108
000000000001000111111100010000100001109
111111100010000001000000100011100001110
011100010001001000000010100011111001111
000000000001000111111100010000000001112
000000000000000000000000000000000001113
000000000010001111110000100100000011114
111110000010000000100010010000010001115
011100010001001000100100010001110001116
111110000001001111000000010011110001117
000000000000000000000000000000000001118
000000000001000111111100010100000001119
111111100011000001000000100011100001120
011100010101001010100101010000110001121
100100010101001010101101010001001001122
011100000101001010100101010000110001123
000000000000000000000000000000000001124
111111100010000001000000100011100001125
011100010001001000100100010001110001126
101110000001000000100000010011110001127
011100010001001000100100010001110001128
111110000010000000100000010000010101129
011100010101001010100101010000110001130
011100010001001000100010100011111111131
000000000000000000100000000000000001132
011100010001001000100010100011111111133
011100010101001010100101010000110001134
011100010001001000100010100011111001135
011100010001001000110010100011111111136
000000000000000000000000000000000001137
011110010000000100000100000001111001138
011100010101001010100101010001110001139
000000000000000000000000000000000001140
000000000001000111111100010000000001141
011100010001001000100010100011111001142
111111100100000010000010100010001001143
011100010101001010100101010000110001144
000000000000000000001000000000000001145
000000110010001111010100000000000001146
111110000001000000100000010011110001147
011100010001001000100100010010001001148
111110000010000000100000010000010001149
011100010101001010100101010000110001150
011100010001001000100010100011111001151
100100010101001010100101010001001001152
011100010101001010100101010000110001153
011100010001001000100010100010111111154
000000000100000000000000000000000001155
010100010001001000100010100011111111156
011100010101001010100101010000110001157
000110001100001000000011000000011001158
011100010001001000100100010001110001159
010000000001000111111100010000000001160
000000010010001110010100000000000001161
011100010001001000100110010001110001162
111110000001000000100000010011110001163
000000000000000000000000000000000001164
000000000001000111111100010000000001165
011100010001001000100100010001110001166
000000000000000000000001000000000001167
000000000001000111111100010000000001168
111111100010000001000000100011100001169
011101010001001000100010100011111001170
000000100001000111111100010000000001171
000000000000000000000000000000010001172
011100010001001000100100010000001001173
011100010001001000100010100011111001174
011110010000001100000100000011111001175
100100110101001010100101010001001001176
011100010101001011100101010000110001177
000000000000000000001000000000000001178
000000000010001111010000100100000011179
011110010001001000100100010001110001180
111110000010000000100000010000010001181
000000000000010000000000000000000001182
011110010000000110000100000001111001183
111111100010000001000000100011100001184
000000010010001111010100000000000001185
001100010001001000100100010010001001186
111011100010000001000000100011100001187
000000000000000000000000000000000001188
000000000001000111111100010000000001189
111111100010000001000000100011100001190
011100010101001010101101010000110001191
000111110100001010000101000011111111192
010000000000000000000000000000000001193
000111010101011010001100101001111111194
011101010001001000100010100011111001195
000110001100001000000011000000011001196
011000010101001010100101010000110001197
000000000000000000000000000010000001198
001000000001000111111100010000000001199
111011100010000001000000100011100001200
011100010101001010100101010000110001201
000000000000000000000000000000000001202
000000000000001111111000000000010001203
011100010001001000100010100011111001204
100100010101001010100101010001001001205
000000000011000111111100010000000001206
000000000000000000000000000000000001207
000000000010001111110000100100000011208
011110010000001000000100000011111001209
000000000000001111111000000000000001210
000000000000001110111000000000000001211
000000000000000000000000000000000001212
111110000001001111000000010011110001213
011100110101001010100101010000110001214
011100010001001000100010100011111001215
100100010101101010100101010001001001216
011110010000001000000100000011111001217
111110000010000000100000010000010001218
010100010101001010100101010000110001219
000000000000010000000000000000000001220
011100010001001000100100010001110011221
000000000010001111110000100000000011222
000000000000000000000000010000000001223
011100010001001000100010000011111111224
011100010101001010100101010000110001225
000110001100101000000011000000011001226
011100010101001000100100010001110001227
000000000001000111111100010000000001228
000000010010001111010100000000000001229
011100010001001000100100010001110001230
111110000001000001100000010011110001231
000000000000000000000000000000000001232
000100000010000001000000100000010001233
000100000010001001000000100000010001234
000000000000000000000000000000000001235
000000000001000111111100010000000001236
111111100010000001000000100011100001237
011100010001001000100010100011111001238
000000000001000111111100010000000001239
000000000000100000000000000000000001240
011110010000000100000100000001111001241
011100010101001010100101110000110001242
000000000000000000000000000000000001243
111111100010000001000000100011101001244
011100010101001010100101010000110001245
111110000010000010100000010000010001246
011100010101001010100101010000110001247
000000000000000000000000010000000001248
111111100010000001000000100011100001249
000000010010001111010100000000000001250
000111010100011010001100101001111111251
101111100010000001000000100011100001252
000000000000001111111000000000000001253
000111110100001010000101000001111111254
000010000000000000000000000000000001255
111110000110000000100000010000010001256
111100010101001010100101010000110001257
100100110101001010100101010001001001258
011100010101001000100100010001110001259
000000000000001111111000000000000001260
000110001100001000000011000000011001261
011100010101001010100101010000111001262
000000000000000000000000000000000001263
000000000001000111111100010100000001264
111111100010000001000000100011100001265
011100010001001000100010100001111001266
000000000001000111111100010000000001267
000000000000000000000001000000000001268
000000000001000111111100010000000011269
111111100010000001000000100011100001270
011100010101000010100101010000110001271
100100010101001010100101010001001001272
011100110101001010100101010000110001273
000000000000000000000000000000000001274
010100010001001000100010100011111111275
011100010101001010100101010000110001276
011100010001001000100010100011111001277
011100010001001000101010100011111111278
000000000000000000000000000000000001279
100100010101001010100101010011001001280
111111100010000001000000100011100001281
011100010001001000100010100011111001282
000000000000011111111000000000000001283
000000000000001111111000000000000001284
000000000000000000000000000000000001285
111110000001000000100000010011110001286
011100010001001000100100010101110001287
000000000001000111111100011000000001288
000000000000000000000010000000000001289
111111100010000001000000100011100001290
011100010001001100100010100011111001291
000110001100001000000011000000011001292
011100010101001010100101010000110001293
000000000000000000100000000000000001294
011100010001001000100010100011111101295
000000010010001111010100000000000001296
011100010101001010100101010000100001297
011100010001001000100010100011111111298
000000000000000000000000000000000001299
000000010010001111010101000000000001300
111110000001000000101000010011110001301
000000000000000000000000000000000001302
000110001100000000000011000000011001303
011100010001001000100010100111111001304
000000010010101111010100000000000001305
111110000001000000110000010011110001306
000000000000000000000000000000000001307
000100000010000001000000100000010001308
000100000010000001000000100000010001309
000000000000000000000000000000000001310
000000010001000111111100010000000001311
111111100010010001000000100011100001312
011100010001001000100010100011111001313
000000000001000111111100000000000001314
000000000000000010000000000000000001315
000000000001000111111100010000000001316
111111100010000001000000100011100001317
000000010010001111010100000000000001318
100100010101011010100101010001001001319
000000000000000000100000000000000001320
111110000011000000100000010011110001321
011100010001001000100010100011111001322
000000000001000111111100010000000001323
000000010000001111010100000000000001324
011100010001001000100100000001110001325
111110000001000000100000010010110001326
000100010000000110000000000000000001327
000000000000000000000000000000000001328
011110010000001000000000000011111001329
111110000001000000100000010011110001330
011100010011001000100010100011111111331
011100010101001010100101010000110001332
110110000010000000100000010000010001333
000000000000000000000000000000000001334
011111010000010000001101000101100101335
011100010001000000100100010001110001336
011100010011001000100010100011111111337
000000010000000110000000000000000001338
000000000000000000000000000000000001339
000100010101001010100101010001001001340
111111100010000001100000100011100001341
111100010001001000100010100011111001342
000000000000001111111000000010000001343
000000000000001111111100000000000001344
000000000000000000000000000000000001345
011111100010000001000000100011100001346
011100010001001000100010100111111001347
000110001100001000000011000000011001348
011100010101001010101101010000110001349
000000000000000000000000000000000001350
011100010001001000100010100011111001351
000000000000000000000000000000000001352
111110000001000000100100010011110001353
011101010101001010100101010000110001354
011110010010000100000100000001111001355
000000000000000000000000000000000001356
111111101010001000100100110001110001357
000000010010001111010100010000000001358
111110000010000000100000010000010001359
000000000001000111111100110000000001360
101111100010000001000000100011100001361
000000000000000000000000000000010001362
011100010001001000100100010001110001363
000000000010000111110000100100000011364
000000001000000000000000000000000001365
000000000010001111110000100100000011366
111110000010000000100000011000010001367
011100010101001010100101010000110001368
011100010101001010100101011000110001369
010100010001001000100010100011111111370
011100010001001000100100010001110001371
111110000001001111001000010011110001372
000000000000000100000000000000000001373
000100000010000001000000100000010001374
000100000010000001000000110000010001375
000000000000000000000000000000000001376
011100000001001000100010100011111001377
111110000001000000100000010011110001378
011100010001001000100010100011111111379
000000000000000100000000000000000001380
000000000001000111111100010000000001381
111111100010000001000001100011100001382
011100010001001000100010100001111001383
000000000001000111111100010000000001384
000000000000000000000000000000000001385
000111010100011010001100101001111111386
011100010001001000100100010001110001387
000110001100001000000011000000011001388
011100010111001010100101010000110001389
111110000010010000100000010000010001390
111110000001000000100000010011110001391
111110000001001111000000010011110001392
011100010101001010100101010000110001393
111110000001000000100000010011110001394
000000000001000110111100010000000001395
000001000000000000000000000000000001396
011100010001001000100100010001110001397
000000000010001111110000100100000011398
000000000000000000000000000000000001399
000000000001000111111100011000000001400
111111100010000001000000100011100001401
011100010101001010100100010000110001402
000000000000000000000000000000000001403
111111100110100010001001000100011101404
011100010101001010100101010000110001405
011100010011001000100100010001110001406
111111100010100010001001000100011101407
000000000000001111111010000000000001408
011100010101001010100101010000110001409
000000010000000010000000000000000001410
000000000000000000000000000000000001411
111111101010001000100110010001110001412
000111110100001010000101000001111111413
000010000000000000000000000000000001414
000000001001000111111100010000000001415
111111100010000001000000100111100001416
111100010101001010100101010000110001417
000000000000000000000000000000000011418
111111100010100010001001000100011101419
011100010101001010100101010000110001420
011100010001001000100100011001110001421
111111100010100010000001000100011101422
000000000000001111111000000000000001423
011100010101001010100101010100110001424
000000010000000110000000100000000001425
000000000000000000000000000000001001426
000000000010001111110000101100000011427
011100010101001000100100010001110001428
111110000010000000100000010000010001429
000000000000000000010000000000000001430
000000000001000111111100010000000001431
111111100010000001000000100011100001432
011100010101001010100101010000110001433
000000000000000000000000000000000001434
111111100010100010001001000100011101435
011100010101001010100101010000110001436
011110010001001000100100010001110001437
111111100010100010001011000100011101438
000000000000001111111010000000000001439
011100010101001010100101011000110001440
000000010000000110000000000000000001441
000000000000000000000000000000000001442
100100010101001010100101010001001001443
011111100010000001000000100011100001444
011100010001001000100010100011111001445
000000000000001111111000010000000001446
000000000000001111111000000000010001447
000000000000000001000000000000000001448
111110000001000000100000010011110001449
011100010001001000100100010001110001450
000001000001000111111100010000000001451
000000000100000000000000000000000001452
111011100010100010001001000100011101453
011100010101001010100101010000110001454
111110000010100000100000010000010001455
000001010010001111010100000000000001456
100100010101001010100101010001001101457
111111100010000001000000100011100001458
000000000000000000100000000000000001459
000000000010001111110000100100000011460
111110000010000000100000010000010001461
011100010001000000100100010001110001462
111110000001001111001000010011110001463
000000000000000000000000000000000001464
000000000001000111111100010000000001465
111111100010000001000000100011100001466
111100010101001010100101010000110001467
000000000000000000000000000000100001468
011100010101001010100101010000110001469
011100110001001000100010100011111001470
111110000000000000100000010000010001471
000000000001000111111100010000000001472
111111100010000001000000100011100001473
000000000000001000000001000000000001474
